K	delta	b	NashE	NashR	CS01	CS12	TS01	TS12	Coop01	Coop12
0	1	0	0	0	0	0	0	0	0	0
0	1	0.01	0	0	0	0	0	0	0	0
0	1	0.02	0	0	0	0	0	0	0	0
0	1	0.03	0	0	0	0.02	0	0	0	0
0	1	0.04	0	0	0	0.04	0	0	0	0
0	1	0.05	0	0	0	0.08	0	0.02	0	0
0	1	0.06	0	0	0	0.12	0	0.04	0	0
0	1	0.07	0	0	0	0.18	0	0.06	0	0
0	1	0.08	0	0	0	0.24	0	0.08	0	0
0	1	0.09	0	0	0	0.3	0	0.1	0	0
0	1	0.1	0.02	0	0	0.36	0	0.12	0	0
0	1	0.11	0.02	0	0	0.44	0	0.14	0	0
0	1	0.12	0.02	0	0	0.54	0	0.18	0	0
0	1	0.13	0.04	0	0	0.64	0	0.22	0	0
0	1	0.14	0.04	0	0	0.74	0	0.24	0	0
0	1	0.15	0.06	0	0	0.84	0	0.28	0	0
0	1	0.16	0.06	0	0	0.96	0	0.32	0	0
0	1	0.17	0.08	0	0	1.08	0	0.38	0	0
0	1	0.18	0.1	0	0	1.2	0	0.42	0	0
0	1	0.19	0.12	0	0	1.34	0	0.46	0	0
0	1	0.2	0.14	0	0	1.48	0	0.52	0	0
0	1	0.21	0.16	0	0	1.64	0	0.58	0	0
0	1	0.22	0.18	0	0	1.8	0	0.64	0	0
0	1	0.23	0.2	0	0	1.96	0	0.7	0	0
0	1	0.24	0.22	0	0	2.12	0	0.76	0	0
0	1	0.25	0.26	0.02	0	2.3	0	0.82	0	0
0	1	0.26	0.28	0.02	0	2.5	0	0.9	0	0
0	1	0.27	0.32	0.02	0	2.68	0	0.96	0	0
0	1	0.28	0.34	0.02	0	2.88	0	1.04	0	0
0	1	0.29	0.38	0.02	0	3.1	0	1.12	0	0
0	1	0.3	0.42	0.04	0	3.3	0	1.2	0	0
0	1	0.31	0.46	0.04	0	3.54	0	1.28	0	0
0	1	0.32	0.52	0.04	0	3.76	0	1.38	0	0
0	1	0.33	0.56	0.06	0	4	0	1.46	0	0
0	1	0.34	0.6	0.06	0	4.24	0	1.56	0	0
0	1	0.35	0.66	0.08	0	4.5	0	1.66	0	0
0	1	0.36	0.72	0.08	0	4.76	0	1.76	0	0
0	1	0.37	0.78	0.1	0	5.02	0	1.86	0	0
0	1	0.38	0.84	0.1	0	5.3	0	1.98	0	0
0	1	0.39	0.9	0.12	0	5.58	0	2.08	0	0
0	1	0.4	0.96	0.14	0	5.88	0	2.2	0	0
0	1	0.41	1.04	0.14	0	6.18	0	2.32	0	0
0	1	0.42	1.1	0.16	0	6.5	0	2.44	0	0
0	1	0.43	1.18	0.18	0	6.82	0	2.58	0	0
0	1	0.44	1.26	0.2	0	7.12	0	2.7	0	0
0	1	0.45	1.36	0.22	0	7.44	0	2.84	0	0
0	1	0.46	1.44	0.24	0	7.8	0	2.98	0	0
0	1	0.47	1.54	0.26	0	8.12	0	3.14	0	0
0	1	0.48	1.62	0.3	0	8.5	0	3.28	0	0
0	1	0.49	1.72	0.32	0	8.84	0	3.44	0	0
0	1	0.5	1.82	0.36	0	9.2	0	3.6	0	0
0	1	0.51	1.94	0.38	0	9.58	0	3.76	0	0
0	1	0.52	2.04	0.42	0	9.96	0	3.92	0	0
0	1	0.53	2.16	0.46	0	10.36	0	4.1	0	0
0	1	0.54	2.28	0.5	0	10.72	0	4.28	0	0
0	1	0.55	2.4	0.54	0	11.12	0	4.48	0	0
0	1	0.56	2.54	0.58	0	11.52	0	4.66	0	0
0	1	0.57	2.66	0.62	0	11.94	0	4.86	0	0
0	1	0.58	2.8	0.68	0	12.38	0	5.06	0	0
0	1	0.59	2.94	0.74	0	12.78	0	5.28	0	0
0	1	0.6	3.1	0.8	0	13.22	0	5.48	0	0
0	1	0.61	3.26	0.86	0	13.68	0	5.7	0	0
0	1	0.62	3.4	0.92	0	14.1	0	5.92	0	0
0	1	0.63	3.58	0.98	0	14.56	0	6.16	0	0
0	1	0.64	3.74	1.06	0	15.04	0	6.4	0	0
0	1	0.65	3.92	1.14	0	15.48	0	6.64	0	0
0	1	0.66	4.1	1.22	0	15.96	0	6.88	0	0
0	1	0.67	4.3	1.3	0	16.42	0	7.14	0	0
0	1	0.68	4.48	1.4	0	16.9	0	7.4	0	0
0	1	0.69	4.68	1.5	0	17.38	0	7.66	0	0
0	1	0.7	4.9	1.6	0	17.88	0	7.94	0	0
0	1	0.71	5.1	1.72	0	18.38	0	8.2	0	0
0	1	0.72	5.32	1.82	0	18.9	0	8.48	0	0
0	1	0.73	5.54	1.96	0	19.4	0	8.78	0	0
0	1	0.74	5.76	2.08	0	19.92	0	9.06	0	0
0	1	0.75	6	2.22	0	20	0	9.34	0	0
0	1	0.76	6.24	2.36	0	20	0	9.66	0	0
0	1	0.77	6.5	2.52	0	20	0	9.94	0	0
0	1	0.78	6.74	2.68	0	20	0	10.26	0	0
0	1	0.79	7	2.86	0	20	0	10.56	0	0
0	1	0.8	7.28	3.04	0	20	0	10.86	0	0
0	1	0.81	7.54	3.24	0	20	0	11.18	0	0
0	1	0.82	7.82	3.44	0	20	0	11.5	0	0
0	1	0.83	8.1	3.64	0	20	0	11.82	0	0
0	1	0.84	8.38	3.88	0	20	0	12.14	0	0
0	1	0.85	8.66	4.1	0	20	0	12.46	0	0
0	1	0.86	8.96	4.36	0	20	0	12.8	0	0
0	1	0.87	9.26	4.6	0	20	0	13.12	0	0
0	1	0.88	9.56	4.88	0	20	0	13.46	0	0
0	1	0.89	9.88	5.14	0	20	0	13.78	0	0
0	1	0.9	10.2	5.42	0	20	0	14.12	0	0
0	1	0.91	10.5	5.72	0	20	0	14.46	0	0
0	1	0.92	10.84	6.02	0	20	0	14.8	0	0
0	1	0.93	11.16	6.32	0	20	0	15.12	0	0
0	1	0.94	11.5	6.64	0	20	0	15.46	0	0
0	1	0.95	11.84	6.96	0	20	0	15.82	0	0
0	1	0.96	12.18	7.28	0	20	0	16.14	0	0
0	1	0.97	12.52	7.62	0	20	0	16.48	0	0
0	1	0.98	12.88	7.96	0	20	0	16.84	0	0
0	1	0.99	13.24	8.28	0	20	0	17.16	0	0
0	1	1	13.58	8.64	0	20	0	17.52	0	0
1	1	0	4	4	0	0	2.66	2.66	4	4
1	1	0.01	4	4.04	0	0	2.68	2.7	4	4.08
1	1	0.02	4	4.08	0	0	2.66	2.74	4	4.16
1	1	0.03	4	4.12	0	0.02	2.66	2.78	4	4.24
1	1	0.04	4	4.16	0	0.04	2.66	2.82	4	4.34
1	1	0.05	4	4.2	0	0.08	2.64	2.88	4	4.42
1	1	0.06	4	4.24	0	0.12	2.62	2.92	4	4.5
1	1	0.07	4	4.28	0	0.18	2.62	2.98	4	4.6
1	1	0.08	4	4.32	0	0.24	2.6	3.04	4.02	4.7
1	1	0.09	4.02	4.36	0	0.3	2.58	3.1	4.02	4.8
1	1	0.1	4.02	4.4	0	0.36	2.56	3.18	4.02	4.88
1	1	0.11	4.02	4.44	0	0.44	2.54	3.24	4.02	4.98
1	1	0.12	4.02	4.5	0	0.54	2.5	3.32	4.04	5.08
1	1	0.13	4.04	4.54	0	0.64	2.48	3.4	4.04	5.18
1	1	0.14	4.04	4.58	0	0.74	2.46	3.48	4.04	5.28
1	1	0.15	4.06	4.62	0	0.84	2.42	3.56	4.06	5.4
1	1	0.16	4.08	4.66	0	0.96	2.4	3.64	4.08	5.5
1	1	0.17	4.08	4.7	0	1.08	2.36	3.72	4.08	5.6
1	1	0.18	4.1	4.76	0	1.2	2.34	3.82	4.1	5.7
1	1	0.19	4.12	4.8	0	1.34	2.3	3.92	4.12	5.82
1	1	0.2	4.14	4.84	0	1.48	2.26	4.02	4.14	5.92
1	1	0.21	4.16	4.88	0	1.64	2.22	4.12	4.16	6.04
1	1	0.22	4.18	4.94	0	1.8	2.18	4.24	4.18	6.14
1	1	0.23	4.2	4.98	0	1.96	2.16	4.34	4.2	6.26
1	1	0.24	4.22	5.04	0	2.12	2.12	4.46	4.22	6.36
1	1	0.25	4.26	5.08	0	2.3	2.08	4.58	4.24	6.48
1	1	0.26	4.28	5.12	0	2.5	2.04	4.7	4.26	6.58
1	1	0.27	4.32	5.18	0	2.68	2	4.82	4.3	6.7
1	1	0.28	4.36	5.22	0	2.88	1.96	4.96	4.34	6.8
1	1	0.29	4.38	5.28	0	3.1	1.9	5.08	4.36	6.92
1	1	0.3	4.42	5.32	0	3.3	1.86	5.22	4.4	7.02
1	1	0.31	4.48	5.38	0	3.54	1.82	5.36	4.44	7.12
1	1	0.32	4.52	5.44	0	3.76	1.78	5.52	4.48	7.24
1	1	0.33	4.56	5.48	0	4	1.72	5.66	4.52	7.34
1	1	0.34	4.62	5.54	0	4.24	1.68	5.82	4.56	7.44
1	1	0.35	4.66	5.6	0	4.5	1.64	5.98	4.6	7.54
1	1	0.36	4.72	5.66	0	4.76	1.58	6.14	4.66	7.64
1	1	0.37	4.78	5.72	0	5.02	1.54	6.32	4.7	7.74
1	1	0.38	4.84	5.78	0	5.3	1.5	6.48	4.76	7.82
1	1	0.39	4.9	5.84	0	5.58	1.44	6.66	4.82	7.92
1	1	0.4	4.98	5.9	0	5.88	1.4	6.86	4.88	8.02
1	1	0.41	5.04	5.96	0	6.18	1.34	7.04	4.94	8.1
1	1	0.42	5.12	6.02	0	6.5	1.3	7.24	5	8.16
1	1	0.43	5.2	6.08	0	6.82	1.24	7.42	5.06	8.24
1	1	0.44	5.28	6.16	0	7.12	1.2	7.62	5.14	8.3
1	1	0.45	5.36	6.22	0	7.44	1.14	7.84	5.2	8.36
1	1	0.46	5.44	6.3	0	7.8	1.1	8.04	5.28	8.4
1	1	0.47	5.54	6.36	0	8.12	1.04	8.26	5.36	8.44
1	1	0.48	5.64	6.44	0	8.5	1	8.48	5.44	8.46
1	1	0.49	5.72	6.52	0	8.84	0.94	8.7	5.52	8.5
1	1	0.5	5.84	6.6	0	9.2	0.88	8.94	5.6	8.5
1	1	0.51	5.94	6.68	0	9.58	0.84	9.18	5.7	8.5
1	1	0.52	6.06	6.76	0	9.96	0.78	9.4	5.78	8.46
1	1	0.53	6.16	6.84	0	10.36	0.74	9.66	5.88	8.44
1	1	0.54	6.28	6.94	0	10.72	0.68	9.9	5.98	8.38
1	1	0.55	6.4	7.02	0	11.12	0.62	10.16	6.08	8.3
1	1	0.56	6.54	7.12	0	11.52	0.58	10.42	6.18	8.18
1	1	0.57	6.66	7.2	0	11.94	0.52	10.68	6.3	8.04
1	1	0.58	6.8	7.3	0	12.38	0.46	10.96	6.4	7.88
1	1	0.59	6.94	7.4	0	12.78	0.4	11.22	6.52	7.68
1	1	0.6	7.08	7.5	0	13.22	0.36	11.5	6.64	7.44
1	1	0.61	7.24	7.62	0	13.68	0.3	11.8	6.76	7.16
1	1	0.62	7.4	7.72	0	14.1	0.24	12.08	6.86	6.86
1	1	0.63	7.56	7.84	0	14.56	0.18	12.38	6.92	6.92
1	1	0.64	7.72	7.96	0	15.04	0.14	12.66	6.98	6.98
1	1	0.65	7.88	8.08	0	15.48	0.08	12.96	7.02	7.02
1	1	0.66	8.06	8.2	0	15.96	0.02	13.26	7.08	7.08
1	1	0.67	8.24	8.32	0	16.42	0	13.56	7.14	7.14
1	1	0.68	8.42	8.46	0	16.9	0	13.88	7.18	7.18
1	1	0.69	8.62	8.58	0	17.38	0	14.2	7.24	7.24
1	1	0.7	8.82	8.72	0	17.88	0	14.52	7.3	7.3
1	1	0.71	9.02	8.88	0	18.38	0	14.84	7.34	7.34
1	1	0.72	9.22	9.02	0	18.9	0	15.16	7.4	7.4
1	1	0.73	9.42	9.16	0	19.4	0	15.5	7.46	7.46
1	1	0.74	9.64	9.32	0	19.92	0	15.82	7.52	7.52
1	1	0.75	9.86	9.48	0	20	0	16.16	7.56	7.56
1	1	0.76	10.1	9.64	0	20	0	16.5	7.62	7.62
1	1	0.77	10.34	9.82	0	20	0	16.84	7.68	7.68
1	1	0.78	10.58	9.98	0	20	0	17.18	7.74	7.74
1	1	0.79	10.82	10.16	0	20	0	17.54	7.78	7.78
1	1	0.8	11.06	10.34	0	20	0	17.88	7.84	7.84
1	1	0.81	11.32	10.54	0	20	0	18.24	7.9	7.9
1	1	0.82	11.58	10.72	0	20	0	18.58	7.96	7.96
1	1	0.83	11.84	10.92	0	20	0	18.94	8.02	8.02
1	1	0.84	12.12	11.12	0	20	0	19.3	8.08	8.08
1	1	0.85	12.38	11.34	0	20	0	19.66	8.12	8.12
1	1	0.86	12.66	11.54	0	20	0	20	8.18	8.18
1	1	0.87	12.96	11.76	0	20	0	20	8.24	8.24
1	1	0.88	13.24	11.98	0	20	0	20	8.3	8.3
1	1	0.89	13.54	12.2	0	20	0	20	8.36	8.36
1	1	0.9	13.84	12.44	0	20	0	20	8.42	8.42
1	1	0.91	14.16	12.66	0	20	0	20	8.48	8.48
1	1	0.92	14.46	12.9	0	20	0	20	8.54	8.54
1	1	0.93	14.8	13.14	0	20	0	20	8.6	8.6
1	1	0.94	15.12	13.4	0	20	0	20	8.64	8.64
1	1	0.95	15.44	13.66	0	20	0	20	8.7	8.7
1	1	0.96	15.76	13.9	0	20	0	20	8.76	8.76
1	1	0.97	16.12	14.18	0	20	0	20	8.82	8.82
1	1	0.98	16.46	14.44	0	20	0	20	8.88	8.88
1	1	0.99	16.82	14.7	0	20	0	20	8.94	8.94
1	1	1	17.16	14.98	0	20	0	20	9	9
2	1	0	8	8	0	0	5.34	5.34	8	8
2	1	0.01	8	8.08	0	0	5.34	5.4	8	8.16
2	1	0.02	8	8.16	0	0	5.34	5.48	8	8.32
2	1	0.03	8	8.24	0	0.02	5.34	5.56	8	8.5
2	1	0.04	8	8.32	0	0.04	5.32	5.64	8.02	8.68
2	1	0.05	8	8.4	0	0.08	5.32	5.72	8.02	8.86
2	1	0.06	8	8.48	0	0.12	5.3	5.82	8.02	9.04
2	1	0.07	8.02	8.56	0	0.18	5.28	5.92	8.02	9.22
2	1	0.08	8.02	8.66	0	0.24	5.26	6.02	8.02	9.42
2	1	0.09	8.02	8.74	0	0.3	5.24	6.12	8.02	9.6
2	1	0.1	8.02	8.82	0	0.36	5.22	6.22	8.02	9.8
2	1	0.11	8.02	8.9	0	0.44	5.2	6.34	8.04	10
2	1	0.12	8.04	8.98	0	0.54	5.18	6.46	8.04	10.22
2	1	0.13	8.04	9.08	0	0.64	5.16	6.58	8.04	10.42
2	1	0.14	8.06	9.16	0	0.74	5.12	6.7	8.06	10.64
2	1	0.15	8.06	9.24	0	0.84	5.1	6.82	8.06	10.86
2	1	0.16	8.08	9.34	0	0.96	5.06	6.96	8.08	11.08
2	1	0.17	8.1	9.42	0	1.08	5.04	7.08	8.1	11.32
2	1	0.18	8.1	9.5	0	1.2	5	7.22	8.1	11.54
2	1	0.19	8.12	9.6	0	1.34	4.96	7.36	8.12	11.78
2	1	0.2	8.14	9.68	0	1.48	4.94	7.52	8.14	12.02
2	1	0.21	8.16	9.78	0	1.64	4.9	7.66	8.16	12.28
2	1	0.22	8.18	9.86	0	1.8	4.86	7.82	8.18	12.52
2	1	0.23	8.2	9.96	0	1.96	4.82	7.98	8.2	12.78
2	1	0.24	8.24	10.04	0	2.12	4.78	8.14	8.22	13.04
2	1	0.25	8.26	10.14	0	2.3	4.74	8.32	8.26	13.3
2	1	0.26	8.3	10.22	0	2.5	4.7	8.5	8.28	13.56
2	1	0.27	8.32	10.32	0	2.68	4.66	8.68	8.32	13.84
2	1	0.28	8.36	10.42	0	2.88	4.62	8.86	8.34	14.12
2	1	0.29	8.4	10.5	0	3.1	4.58	9.04	8.38	14.4
2	1	0.3	8.44	10.6	0	3.3	4.54	9.24	8.42	14.68
2	1	0.31	8.48	10.7	0	3.54	4.48	9.42	8.46	14.96
2	1	0.32	8.52	10.8	0	3.76	4.44	9.64	8.5	15.26
2	1	0.33	8.58	10.88	0	4	4.4	9.84	8.54	15.56
2	1	0.34	8.62	10.98	0	4.24	4.36	10.06	8.58	15.86
2	1	0.35	8.68	11.08	0	4.5	4.3	10.26	8.62	16.16
2	1	0.36	8.72	11.18	0	4.76	4.26	10.48	8.68	16.48
2	1	0.37	8.78	11.28	0	5.02	4.22	10.72	8.72	16.78
2	1	0.38	8.84	11.38	0	5.3	4.16	10.94	8.78	17.1
2	1	0.39	8.92	11.5	0	5.58	4.12	11.18	8.84	17.42
2	1	0.4	8.98	11.6	0	5.88	4.06	11.42	8.9	17.74
2	1	0.41	9.04	11.7	0	6.18	4.02	11.66	8.96	18.06
2	1	0.42	9.12	11.8	0	6.5	3.96	11.92	9.02	18.4
2	1	0.43	9.2	11.92	0	6.82	3.92	12.16	9.1	18.74
2	1	0.44	9.28	12.02	0	7.12	3.86	12.42	9.16	19.06
2	1	0.45	9.36	12.12	0	7.44	3.82	12.68	9.24	19.4
2	1	0.46	9.44	12.24	0	7.8	3.76	12.96	9.32	19.74
2	1	0.47	9.54	12.34	0	8.12	3.72	13.22	9.4	20
2	1	0.48	9.62	12.46	0	8.5	3.66	13.5	9.48	20
2	1	0.49	9.72	12.58	0	8.84	3.62	13.78	9.56	20
2	1	0.5	9.82	12.7	0	9.2	3.56	14.06	9.64	20
2	1	0.51	9.92	12.8	0	9.58	3.5	14.38	9.74	20
2	1	0.52	10.04	12.92	0	9.96	3.46	14.66	9.82	20
2	1	0.53	10.16	13.04	0	10.36	3.4	14.96	9.92	20
2	1	0.54	10.26	13.16	0	10.72	3.34	15.26	10.02	20
2	1	0.55	10.38	13.28	0	11.12	3.3	15.58	10.12	20
2	1	0.56	10.52	13.42	0	11.52	3.24	15.9	10.24	20
2	1	0.57	10.64	13.54	0	11.94	3.18	16.22	10.34	20
2	1	0.58	10.78	13.66	0	12.38	3.14	16.54	10.46	20
2	1	0.59	10.92	13.8	0	12.78	3.08	16.86	10.58	20
2	1	0.6	11.06	13.92	0	13.22	3.02	17.2	10.7	20
2	1	0.61	11.2	14.06	0	13.68	2.96	17.54	10.82	20
2	1	0.62	11.36	14.2	0	14.1	2.92	17.88	10.96	20
2	1	0.63	11.5	14.34	0	14.56	2.86	18.22	11.08	20
2	1	0.64	11.66	14.48	0	15.04	2.8	18.56	11.22	20
2	1	0.65	11.84	14.62	0	15.48	2.74	18.92	11.36	20
2	1	0.66	12	14.76	0	15.96	2.68	19.28	11.5	20
2	1	0.67	12.18	14.9	0	16.42	2.64	19.62	11.66	20
2	1	0.68	12.36	15.06	0	16.9	2.58	20	11.8	20
2	1	0.69	12.54	15.2	0	17.38	2.52	20	11.96	20
2	1	0.7	12.72	15.36	0	17.88	2.46	20	12.12	20
2	1	0.71	12.92	15.52	0	18.38	2.4	20	12.28	20
2	1	0.72	13.12	15.68	0	18.9	2.34	20	12.46	20
2	1	0.73	13.32	15.84	0	19.4	2.28	20	12.62	20
2	1	0.74	13.54	16	0	19.92	2.22	20	12.8	20
2	1	0.75	13.74	16.16	0	20	2.16	20	13	20
2	1	0.76	13.98	16.32	0	20	2.1	20	13.16	20
2	1	0.77	14.2	16.5	0	20	2.04	20	13.36	20
2	1	0.78	14.42	16.68	0	20	1.98	20	13.56	20
2	1	0.79	14.66	16.84	0	20	1.9	20	13.76	20
2	1	0.8	14.9	17.02	0	20	1.84	20	13.96	20
2	1	0.81	15.16	17.2	0	20	1.78	20	14.2	20
2	1	0.82	15.4	17.4	0	20	1.7	20	14.4	20
2	1	0.83	15.66	17.58	0	20	1.64	20	14.62	20
2	1	0.84	15.92	17.78	0	20	1.56	20	14.84	20
2	1	0.85	16.18	17.96	0	20	1.5	20	15.08	20
2	1	0.86	16.46	18.16	0	20	1.42	20	15.32	20
2	1	0.87	16.74	18.36	0	20	1.34	20	15.56	20
2	1	0.88	17.04	18.56	0	20	1.26	20	15.8	20
2	1	0.89	17.3	18.78	0	20	1.2	20	16.04	20
2	1	0.9	17.6	18.98	0	20	1.1	20	16.32	20
2	1	0.91	17.92	19.2	0	20	1.02	20	16.56	20
2	1	0.92	18.22	19.42	0	20	0.94	20	16.84	20
2	1	0.93	18.52	19.64	0	20	0.84	20	17.12	20
2	1	0.94	18.84	19.86	0	20	0.76	20	17.36	17.36
2	1	0.95	19.16	20	0	20	0.66	20	17.48	17.48
2	1	0.96	19.5	20	0	20	0.54	20	17.6	17.6
2	1	0.97	19.84	20	0	20	0.44	20	17.72	17.72
2	1	0.98	20	20	0	20	0.32	20	17.84	17.84
2	1	0.99	20	20	0	20	0.2	20	17.96	17.96
2	1	1	20	20	0	20	0.08	20	18.08	18.08
3	1	0	12.02	12.02	0	0	8	8	12.02	12.02
3	1	0.01	12.02	12.14	0	0	8.02	8.1	12.02	12.26
3	1	0.02	12.02	12.26	0	0	8	8.22	12.02	12.5
3	1	0.03	12.02	12.38	0	0.02	8	8.34	12.02	12.76
3	1	0.04	12.02	12.5	0	0.04	8	8.46	12.02	13.02
3	1	0.05	12.02	12.62	0	0.08	7.98	8.58	12.02	13.28
3	1	0.06	12.02	12.74	0	0.12	7.96	8.72	12.04	13.56
3	1	0.07	12.02	12.86	0	0.18	7.96	8.84	12.04	13.84
3	1	0.08	12.04	13	0	0.24	7.94	8.98	12.04	14.12
3	1	0.09	12.04	13.12	0	0.3	7.92	9.14	12.04	14.42
3	1	0.1	12.04	13.24	0	0.36	7.9	9.28	12.06	14.72
3	1	0.11	12.04	13.36	0	0.44	7.88	9.44	12.06	15.02
3	1	0.12	12.06	13.5	0	0.54	7.84	9.58	12.06	15.34
3	1	0.13	12.06	13.62	0	0.64	7.82	9.74	12.08	15.66
3	1	0.14	12.08	13.74	0	0.74	7.8	9.92	12.08	15.98
3	1	0.15	12.08	13.88	0	0.84	7.76	10.08	12.1	16.32
3	1	0.16	12.1	14	0	0.96	7.74	10.26	12.12	16.66
3	1	0.17	12.12	14.12	0	1.08	7.7	10.44	12.12	17
3	1	0.18	12.12	14.26	0	1.2	7.68	10.62	12.14	17.36
3	1	0.19	12.14	14.38	0	1.34	7.64	10.82	12.16	17.72
3	1	0.2	12.16	14.52	0	1.48	7.6	11	12.18	18.08
3	1	0.21	12.18	14.64	0	1.64	7.56	11.2	12.2	18.46
3	1	0.22	12.2	14.78	0	1.8	7.54	11.4	12.22	18.84
3	1	0.23	12.24	14.9	0	1.96	7.5	11.62	12.24	19.22
3	1	0.24	12.26	15.04	0	2.12	7.46	11.82	12.28	19.62
3	1	0.25	12.28	15.18	0	2.3	7.42	12.04	12.3	20
3	1	0.26	12.32	15.3	0	2.5	7.38	12.28	12.34	20
3	1	0.27	12.36	15.44	0	2.68	7.34	12.48	12.36	20
3	1	0.28	12.38	15.58	0	2.88	7.3	12.72	12.4	20
3	1	0.29	12.42	15.7	0	3.1	7.24	12.96	12.44	20
3	1	0.3	12.46	15.84	0	3.3	7.2	13.2	12.48	20
3	1	0.31	12.5	15.98	0	3.54	7.16	13.46	12.52	20
3	1	0.32	12.54	16.12	0	3.76	7.12	13.7	12.56	20
3	1	0.33	12.6	16.24	0	4	7.08	13.96	12.6	20
3	1	0.34	12.66	16.38	0	4.24	7.02	14.22	12.66	20
3	1	0.35	12.7	16.52	0	4.5	6.98	14.48	12.7	20
3	1	0.36	12.76	16.66	0	4.76	6.94	14.76	12.76	20
3	1	0.37	12.82	16.8	0	5.02	6.88	15.04	12.82	20
3	1	0.38	12.88	16.94	0	5.3	6.84	15.32	12.86	20
3	1	0.39	12.94	17.08	0	5.58	6.78	15.62	12.94	20
3	1	0.4	13	17.22	0	5.88	6.74	15.9	13	20
3	1	0.41	13.08	17.36	0	6.18	6.68	16.2	13.06	20
3	1	0.42	13.14	17.5	0	6.5	6.64	16.5	13.12	20
3	1	0.43	13.22	17.64	0	6.82	6.58	16.8	13.2	20
3	1	0.44	13.3	17.78	0	7.12	6.54	17.12	13.28	20
3	1	0.45	13.38	17.92	0	7.44	6.48	17.44	13.34	20
3	1	0.46	13.48	18.08	0	7.8	6.44	17.76	13.42	20
3	1	0.47	13.56	18.22	0	8.12	6.38	18.08	13.5	20
3	1	0.48	13.66	18.36	0	8.5	6.34	18.42	13.6	20
3	1	0.49	13.76	18.5	0	8.84	6.28	18.74	13.68	20
3	1	0.5	13.86	18.66	0	9.2	6.22	19.1	13.78	20
3	1	0.51	13.96	18.8	0	9.58	6.18	19.44	13.88	20
3	1	0.52	14.06	18.96	0	9.96	6.14	19.78	13.98	20
3	1	0.53	14.18	19.1	0	10.36	6.08	20	14.06	20
3	1	0.54	14.3	19.26	0	10.72	6.02	20	14.18	20
3	1	0.55	14.4	19.4	0	11.12	5.98	20	14.28	20
3	1	0.56	14.52	19.56	0	11.52	5.92	20	14.4	20
3	1	0.57	14.66	19.7	0	11.94	5.86	20	14.52	20
3	1	0.58	14.78	19.86	0	12.38	5.8	20	14.64	20
3	1	0.59	14.92	20	0	12.78	5.76	20	14.76	20
3	1	0.6	15.06	20	0	13.22	5.7	20	14.88	20
3	1	0.61	15.2	20	0	13.68	5.64	20	15.02	20
3	1	0.62	15.36	20	0	14.1	5.58	20	15.14	20
3	1	0.63	15.5	20	0	14.56	5.54	20	15.28	20
3	1	0.64	15.66	20	0	15.04	5.48	20	15.42	20
3	1	0.65	15.82	20	0	15.48	5.42	20	15.58	20
3	1	0.66	15.98	20	0	15.96	5.36	20	15.72	20
3	1	0.67	16.16	20	0	16.42	5.3	20	15.88	20
3	1	0.68	16.34	20	0	16.9	5.26	20	16.04	20
3	1	0.69	16.52	20	0	17.38	5.2	20	16.22	20
3	1	0.7	16.7	20	0	17.88	5.14	20	16.38	20
3	1	0.71	16.88	20	0	18.38	5.08	20	16.54	20
3	1	0.72	17.08	20	0	18.9	5.02	20	16.72	20
3	1	0.73	17.28	20	0	19.4	4.96	20	16.9	20
3	1	0.74	17.48	20	0	19.92	4.9	20	17.1	20
3	1	0.75	17.7	20	0	20	4.84	20	17.28	20
3	1	0.76	17.92	20	0	20	4.78	20	17.48	20
3	1	0.77	18.14	20	0	20	4.72	20	17.68	20
3	1	0.78	18.36	20	0	20	4.66	20	17.88	20
3	1	0.79	18.58	20	0	20	4.6	20	18.1	20
3	1	0.8	18.82	20	0	20	4.52	20	18.32	20
3	1	0.81	19.06	20	0	20	4.46	20	18.54	20
3	1	0.82	19.3	20	0	20	4.4	20	18.76	20
3	1	0.83	19.58	20	0	20	4.32	20	19	20
3	1	0.84	19.82	20	0	20	4.26	20	19.24	20
3	1	0.85	20	20	0	20	4.18	20	19.48	20
3	1	0.86	20	20	0	20	4.1	20	19.72	20
3	1	0.87	20	20	0	20	4.04	20	19.96	20
3	1	0.88	20	20	0	20	3.96	20	20	20
3	1	0.89	20	20	0	20	3.88	20	20	20
3	1	0.9	20	20	0	20	3.8	20	20	20
3	1	0.91	20	20	0	20	3.72	20	20	20
3	1	0.92	20	20	0	20	3.62	20	20	20
3	1	0.93	20	20	0	20	3.54	20	20	20
3	1	0.94	20	20	0	20	3.44	20	20	20
3	1	0.95	20	20	0	20	3.34	20	20	20
3	1	0.96	20	20	0	20	3.24	20	20	20
3	1	0.97	20	20	0	20	3.14	20	20	20
3	1	0.98	20	20	0	20	3.02	20	20	20
3	1	0.99	20	20	0	20	2.9	20	20	20
3	1	1	20	20	0	20	2.78	20	20	20
4	1	0	16.06	16.04	0	0	10.68	10.68	16.06	16.06
4	1	0.01	16.06	16.22	0	0	10.68	10.82	16.06	16.38
4	1	0.02	16.06	16.38	0	0	10.68	10.96	16.06	16.7
4	1	0.03	16.06	16.54	0	0.02	10.68	11.12	16.06	17.04
4	1	0.04	16.06	16.7	0	0.04	10.66	11.28	16.08	17.4
4	1	0.05	16.06	16.86	0	0.08	10.66	11.44	16.08	17.76
4	1	0.06	16.06	17.02	0	0.12	10.64	11.62	16.08	18.12
4	1	0.07	16.08	17.18	0	0.18	10.62	11.78	16.1	18.5
4	1	0.08	16.08	17.36	0	0.24	10.62	11.96	16.1	18.88
4	1	0.09	16.08	17.52	0	0.3	10.6	12.14	16.1	19.26
4	1	0.1	16.08	17.68	0	0.36	10.58	12.34	16.12	19.66
4	1	0.11	16.1	17.86	0	0.44	10.54	12.52	16.12	20
4	1	0.12	16.1	18.02	0	0.54	10.52	12.72	16.14	20
4	1	0.13	16.12	18.18	0	0.64	10.5	12.92	16.14	20
4	1	0.14	16.12	18.36	0	0.74	10.48	13.14	16.16	20
4	1	0.15	16.14	18.52	0	0.84	10.44	13.34	16.18	20
4	1	0.16	16.16	18.68	0	0.96	10.42	13.56	16.2	20
4	1	0.17	16.16	18.86	0	1.08	10.38	13.78	16.22	20
4	1	0.18	16.18	19.02	0	1.2	10.34	14.02	16.22	20
4	1	0.19	16.2	19.2	0	1.34	10.32	14.26	16.26	20
4	1	0.2	16.22	19.36	0	1.48	10.28	14.48	16.28	20
4	1	0.21	16.24	19.54	0	1.64	10.26	14.72	16.3	20
4	1	0.22	16.26	19.7	0	1.8	10.22	14.98	16.32	20
4	1	0.23	16.3	19.88	0	1.96	10.18	15.24	16.36	20
4	1	0.24	16.32	20	0	2.12	10.14	15.48	16.38	20
4	1	0.25	16.36	20	0	2.3	10.1	15.76	16.42	20
4	1	0.26	16.38	20	0	2.5	10.06	16.02	16.46	20
4	1	0.27	16.42	20	0	2.68	10.02	16.3	16.5	20
4	1	0.28	16.46	20	0	2.88	9.98	16.58	16.52	20
4	1	0.29	16.5	20	0	3.1	9.94	16.86	16.56	20
4	1	0.3	16.54	20	0	3.3	9.9	17.16	16.62	20
4	1	0.31	16.58	20	0	3.54	9.84	17.44	16.66	20
4	1	0.32	16.62	20	0	3.76	9.8	17.74	16.7	20
4	1	0.33	16.68	20	0	4	9.76	18.06	16.76	20
4	1	0.34	16.72	20	0	4.24	9.72	18.36	16.8	20
4	1	0.35	16.78	20	0	4.5	9.66	18.68	16.86	20
4	1	0.36	16.84	20	0	4.76	9.62	19	16.92	20
4	1	0.37	16.9	20	0	5.02	9.58	19.32	16.98	20
4	1	0.38	16.96	20	0	5.3	9.52	19.66	17.04	20
4	1	0.39	17.02	20	0	5.58	9.48	20	17.1	20
4	1	0.4	17.08	20	0	5.88	9.44	20	17.18	20
4	1	0.41	17.16	20	0	6.18	9.38	20	17.24	20
4	1	0.42	17.22	20	0	6.5	9.34	20	17.32	20
4	1	0.43	17.3	20	0	6.82	9.28	20	17.4	20
4	1	0.44	17.38	20	0	7.12	9.24	20	17.48	20
4	1	0.45	17.46	20	0	7.44	9.2	20	17.56	20
4	1	0.46	17.56	20	0	7.8	9.14	20	17.64	20
4	1	0.47	17.64	20	0	8.12	9.08	20	17.74	20
4	1	0.48	17.74	20	0	8.5	9.04	20	17.84	20
4	1	0.49	17.84	20	0	8.84	8.98	20	17.94	20
4	1	0.5	17.92	20	0	9.2	8.94	20	18.02	20
4	1	0.51	18.02	20	0	9.58	8.88	20	18.12	20
4	1	0.52	18.14	20	0	9.96	8.84	20	18.24	20
4	1	0.53	18.26	20	0	10.36	8.78	20	18.34	20
4	1	0.54	18.36	20	0	10.72	8.72	20	18.46	20
4	1	0.55	18.48	20	0	11.12	8.68	20	18.58	20
4	1	0.56	18.6	20	0	11.52	8.62	20	18.7	20
4	1	0.57	18.74	20	0	11.94	8.58	20	18.82	20
4	1	0.58	18.86	20	0	12.38	8.52	20	18.94	20
4	1	0.59	19	20	0	12.78	8.46	20	19.08	20
4	1	0.6	19.14	20	0	13.22	8.42	20	19.22	20
4	1	0.61	19.28	20	0	13.68	8.36	20	19.34	20
4	1	0.62	19.42	20	0	14.1	8.3	20	19.5	20
4	1	0.63	19.56	20	0	14.56	8.26	20	19.64	20
4	1	0.64	19.72	20	0	15.04	8.2	20	19.78	20
4	1	0.65	19.88	20	0	15.48	8.14	20	19.94	20
4	1	0.66	20	20	0	15.96	8.1	20	20	20
4	1	0.67	20	20	0	16.42	8.04	20	20	20
4	1	0.68	20	20	0	16.9	7.98	20	20	20
4	1	0.69	20	20	0	17.38	7.92	20	20	20
4	1	0.7	20	20	0	17.88	7.86	20	20	20
4	1	0.71	20	20	0	18.38	7.8	20	20	20
4	1	0.72	20	20	0	18.9	7.76	20	20	20
4	1	0.73	20	20	0	19.4	7.7	20	20	20
4	1	0.74	20	20	0	19.92	7.64	20	20	20
4	1	0.75	20	20	0	20	7.58	20	20	20
4	1	0.76	20	20	0	20	7.52	20	20	20
4	1	0.77	20	20	0	20	7.46	20	20	20
4	1	0.78	20	20	0	20	7.4	20	20	20
4	1	0.79	20	20	0	20	7.34	20	20	20
4	1	0.8	20	20	0	20	7.28	20	20	20
4	1	0.81	20	20	0	20	7.22	20	20	20
4	1	0.82	20	20	0	20	7.16	20	20	20
4	1	0.83	20	20	0	20	7.08	20	20	20
4	1	0.84	20	20	0	20	7.02	20	20	20
4	1	0.85	20	20	0	20	6.96	20	20	20
4	1	0.86	20	20	0	20	6.88	20	20	20
4	1	0.87	20	20	0	20	6.82	20	20	20
4	1	0.88	20	20	0	20	6.74	20	20	20
4	1	0.89	20	20	0	20	6.68	20	20	20
4	1	0.9	20	20	0	20	6.6	20	20	20
4	1	0.91	20	20	0	20	6.52	20	20	20
4	1	0.92	20	20	0	20	6.44	20	20	20
4	1	0.93	20	20	0	20	6.36	20	20	20
4	1	0.94	20	20	0	20	6.28	20	20	20
4	1	0.95	20	20	0	20	6.18	20	20	20
4	1	0.96	20	20	0	20	6.1	20	20	20
4	1	0.97	20	20	0	20	6	20	20	20
4	1	0.98	20	20	0	20	5.9	20	20	20
4	1	0.99	20	20	0	20	5.8	20	20	20
4	1	1	20	20	0	20	5.68	20	20	20
5	1	0	20	20	0	0	13.36	13.36	20	20
5	1	0.01	20	20	0	0	13.36	13.54	20	20
5	1	0.02	20	20	0	0	13.36	13.72	20	20
5	1	0.03	20	20	0	0.02	13.36	13.92	20	20
5	1	0.04	20	20	0	0.04	13.36	14.1	20	20
5	1	0.05	20	20	0	0.08	13.34	14.3	20	20
5	1	0.06	20	20	0	0.12	13.32	14.52	20	20
5	1	0.07	20	20	0	0.18	13.32	14.72	20	20
5	1	0.08	20	20	0	0.24	13.3	14.94	20	20
5	1	0.09	20	20	0	0.3	13.28	15.16	20	20
5	1	0.1	20	20	0	0.36	13.26	15.4	20	20
5	1	0.11	20	20	0	0.44	13.24	15.62	20	20
5	1	0.12	20	20	0	0.54	13.22	15.88	20	20
5	1	0.13	20	20	0	0.64	13.2	16.12	20	20
5	1	0.14	20	20	0	0.74	13.16	16.36	20	20
5	1	0.15	20	20	0	0.84	13.14	16.62	20	20
5	1	0.16	20	20	0	0.96	13.1	16.88	20	20
5	1	0.17	20	20	0	1.08	13.08	17.14	20	20
5	1	0.18	20	20	0	1.2	13.04	17.42	20	20
5	1	0.19	20	20	0	1.34	13.02	17.7	20	20
5	1	0.2	20	20	0	1.48	12.98	17.98	20	20
5	1	0.21	20	20	0	1.64	12.94	18.26	20	20
5	1	0.22	20	20	0	1.8	12.92	18.56	20	20
5	1	0.23	20	20	0	1.96	12.88	18.86	20	20
5	1	0.24	20	20	0	2.12	12.84	19.16	20	20
5	1	0.25	20	20	0	2.3	12.8	19.46	20	20
5	1	0.26	20	20	0	2.5	12.76	19.78	20	20
5	1	0.27	20	20	0	2.68	12.72	20	20	20
5	1	0.28	20	20	0	2.88	12.68	20	20	20
5	1	0.29	20	20	0	3.1	12.64	20	20	20
5	1	0.3	20	20	0	3.3	12.6	20	20	20
5	1	0.31	20	20	0	3.54	12.56	20	20	20
5	1	0.32	20	20	0	3.76	12.52	20	20	20
5	1	0.33	20	20	0	4	12.48	20	20	20
5	1	0.34	20	20	0	4.24	12.42	20	20	20
5	1	0.35	20	20	0	4.5	12.38	20	20	20
5	1	0.36	20	20	0	4.76	12.34	20	20	20
5	1	0.37	20	20	0	5.02	12.3	20	20	20
5	1	0.38	20	20	0	5.3	12.24	20	20	20
5	1	0.39	20	20	0	5.58	12.2	20	20	20
5	1	0.4	20	20	0	5.88	12.16	20	20	20
5	1	0.41	20	20	0	6.18	12.1	20	20	20
5	1	0.42	20	20	0	6.5	12.06	20	20	20
5	1	0.43	20	20	0	6.82	12.02	20	20	20
5	1	0.44	20	20	0	7.12	11.96	20	20	20
5	1	0.45	20	20	0	7.44	11.92	20	20	20
5	1	0.46	20	20	0	7.8	11.88	20	20	20
5	1	0.47	20	20	0	8.12	11.82	20	20	20
5	1	0.48	20	20	0	8.5	11.78	20	20	20
5	1	0.49	20	20	0	8.84	11.72	20	20	20
5	1	0.5	20	20	0	9.2	11.68	20	20	20
5	1	0.51	20	20	0	9.58	11.62	20	20	20
5	1	0.52	20	20	0	9.96	11.58	20	20	20
5	1	0.53	20	20	0	10.36	11.52	20	20	20
5	1	0.54	20	20	0	10.72	11.48	20	20	20
5	1	0.55	20	20	0	11.12	11.42	20	20	20
5	1	0.56	20	20	0	11.52	11.38	20	20	20
5	1	0.57	20	20	0	11.94	11.32	20	20	20
5	1	0.58	20	20	0	12.38	11.28	20	20	20
5	1	0.59	20	20	0	12.78	11.22	20	20	20
5	1	0.6	20	20	0	13.22	11.18	20	20	20
5	1	0.61	20	20	0	13.68	11.12	20	20	20
5	1	0.62	20	20	0	14.1	11.08	20	20	20
5	1	0.63	20	20	0	14.56	11.02	20	20	20
5	1	0.64	20	20	0	15.04	10.98	20	20	20
5	1	0.65	20	20	0	15.48	10.92	20	20	20
5	1	0.66	20	20	0	15.96	10.86	20	20	20
5	1	0.67	20	20	0	16.42	10.82	20	20	20
5	1	0.68	20	20	0	16.9	10.76	20	20	20
5	1	0.69	20	20	0	17.38	10.7	20	20	20
5	1	0.7	20	20	0	17.88	10.66	20	20	20
5	1	0.71	20	20	0	18.38	10.6	20	20	20
5	1	0.72	20	20	0	18.9	10.56	20	20	20
5	1	0.73	20	20	0	19.4	10.5	20	20	20
5	1	0.74	20	20	0	19.92	10.44	20	20	20
5	1	0.75	20	20	0	20	10.4	20	20	20
5	1	0.76	20	20	0	20	10.34	20	20	20
5	1	0.77	20	20	0	20	10.28	20	20	20
5	1	0.78	20	20	0	20	10.22	20	20	20
5	1	0.79	20	20	0	20	10.18	20	20	20
5	1	0.8	20	20	0	20	10.12	20	20	20
5	1	0.81	20	20	0	20	10.06	20	20	20
5	1	0.82	20	20	0	20	10	20	20	20
5	1	0.83	20	20	0	20	9.94	20	20	20
5	1	0.84	20	20	0	20	9.88	20	20	20
5	1	0.85	20	20	0	20	9.82	20	20	20
5	1	0.86	20	20	0	20	9.76	20	20	20
5	1	0.87	20	20	0	20	9.7	20	20	20
5	1	0.88	20	20	0	20	9.64	20	20	20
5	1	0.89	20	20	0	20	9.58	20	20	20
5	1	0.9	20	20	0	20	9.5	20	20	20
5	1	0.91	20	20	0	20	9.44	20	20	20
5	1	0.92	20	20	0	20	9.38	20	20	20
5	1	0.93	20	20	0	20	9.3	20	20	20
5	1	0.94	20	20	0	20	9.22	20	20	20
5	1	0.95	20	20	0	20	9.16	20	20	20
5	1	0.96	20	20	0	20	9.08	20	20	20
5	1	0.97	20	20	0	20	9	20	20	20
5	1	0.98	20	20	0	20	8.92	20	20	20
5	1	0.99	20	20	0	20	8.84	20	20	20
5	1	1	20	20	0	20	8.74	20	20	20
